start=77.350000
volume=40.000000
