start=45.467000
volume=62.000000
